0.0
0.2520730782790603
0.38242574653181577
0.44480122298616137
0.49705337136295435
0.4415518422202748
0.4254084188019385
0.43346874614997455
0.45630178697367785
0.5172508177025728
0.3875579040082045
0.2855177593509167
0.26565720221248207
0.2855177593509167
0.3387927325856422
0.378969639261641
0.38242574653181577
0.32508219137056343
0.24288471537973316
0.19230916475984328
0.14873579591046857
0.12159267246722347
0.09928777628809395
0.08738825855612263
0.07016528200791236
0.06601674351524295
0.05826676341680259
0.054339257265355365
0.05131537209982595
0.04726577740060383
0.04908685304475328
0.042830677550183674
0.04442024692317486
0.04442024692317486
0.041091805707953226
0.043614200176841034
0.040155522527269935
0.04388039508563803
0.04257456251561651
0.04257456251561651
0.046677471425987015
0.045248507874557316
0.05034680890994169
0.05399467438284838
0.05365221514635462
0.06932174015777015
0.0803320899402795
0.10444279161051158
0.14527270681112217
0.2634110327296245
